Level,0,1,2,3,4
0,12,101,202,372,2934
1,129,67,468,419,3042
2,6,73,403,662,3515
3,2,2,6,342,2646

1,0.0,0.0,0.0,0.0,76.78459
2,6.060606,21.428572,13.221153,30.418945,97.03789
3,19.19192,21.428572,31.730768,57.1949,99.34059
4,22.222223,24.285715,43.269234,72.22222,99.80113
5,29.292929,41.428574,50.240387,80.327866,99.91627
6,36.363636,44.285713,55.528843,85.974495,99.979065
7,41.414143,47.142857,59.375,88.52459,99.979065
8,45.454548,48.57143,64.90385,90.80146,100.0
9,49.49495,50.0,68.269226,92.89618,100.0
10,52.525253,51.428574,71.15385,94.626595,100.0
20,66.66667,62.857143,87.74039,99.08926,100.0
30,81.818184,64.28571,92.06731,99.635704,100.0
40,89.898994,68.571434,94.47115,100.0,100.0
50,95.959595,78.57143,94.95192,100.0,100.0
60,95.959595,80.0,96.394226,100.0,100.0
70,95.959595,82.85715,96.875,100.0,100.0
80,96.969696,84.28571,97.83653,100.0,100.0
100,96.969696,84.28571,98.79808,100.0,100.0
200,97.9798,92.85714,99.27885,100.0,100.0
300,98.9899,94.28571,99.75961,100.0,100.0
400,98.9899,95.71428,99.75961,100.0,100.0
500,98.9899,97.14286,100.0,100.0,100.0
600,98.9899,97.14286,100.0,100.0,100.0
700,98.9899,98.57143,100.0,100.0,100.0
800,98.9899,98.57143,100.0,100.0,100.0
900,98.9899,100.0,100.0,100.0,100.0
1000,98.9899,100.0,100.0,100.0,100.0
2000,100.0,100.0,100.0,100.0,100.0
3000,100.0,100.0,100.0,100.0,100.0
4000,100.0,100.0,100.0,100.0,100.0
5000,100.0,100.0,100.0,100.0,100.0
6000,100.0,100.0,100.0,100.0,100.0
7000,100.0,100.0,100.0,100.0,100.0
8000,100.0,100.0,100.0,100.0,100.0
9000,100.0,100.0,100.0,100.0,100.0
10000,100.0,100.0,100.0,100.0,100.0
