Level,0,1,2,3,4
0,1,57,80,218,2081
1,81,263,2675,1082,4630
2,11,317,2613,3246,17137
3,5,23,54,1210,8544

1,0.0,0.0,0.0,0.0,45.314453
2,0.0,10.294118,2.141058,18.14394,90.39463
3,0.0,11.764706,4.911839,41.742424,97.30321
4,0.0,14.705883,8.816121,58.522724,99.0681
5,0.0,14.705883,14.105794,68.86364,99.635574
6,0.0,14.705883,19.269522,76.590904,99.79696
7,0.0,14.705883,25.566751,81.40151,99.88026
8,0.0,14.705883,31.3602,85.11364,99.921906
9,0.0,14.705883,37.153652,87.878784,99.94273
10,9.090909,14.705883,42.06549,90.26515,99.95835
20,36.363636,14.705883,69.39546,96.93182,100.0
30,54.545456,14.705883,80.85642,98.71212,100.0
40,63.636364,25.0,86.77582,99.431816,100.0
50,72.72727,47.058823,89.042816,99.65909,100.0
60,81.818184,50.0,90.42821,99.77273,100.0
70,81.818184,55.88235,91.8136,99.84849,100.0
80,90.909096,61.764706,93.324936,99.84849,100.0
100,90.909096,69.117645,95.08816,99.92424,100.0
200,90.909096,77.94118,97.607056,100.0,100.0
300,90.909096,86.7647,98.23678,100.0,100.0
400,90.909096,91.17647,98.740555,100.0,100.0
500,90.909096,95.588234,98.99245,100.0,100.0
600,90.909096,98.52941,99.24433,100.0,100.0
700,90.909096,98.52941,99.37028,100.0,100.0
800,90.909096,98.52941,99.49622,100.0,100.0
900,90.909096,98.52941,99.49622,100.0,100.0
1000,90.909096,98.52941,99.49622,100.0,100.0
2000,90.909096,100.0,100.0,100.0,100.0
3000,100.0,100.0,100.0,100.0,100.0
4000,100.0,100.0,100.0,100.0,100.0
5000,100.0,100.0,100.0,100.0,100.0
6000,100.0,100.0,100.0,100.0,100.0
7000,100.0,100.0,100.0,100.0,100.0
8000,100.0,100.0,100.0,100.0,100.0
9000,100.0,100.0,100.0,100.0,100.0
10000,100.0,100.0,100.0,100.0,100.0
