Level,0,1,2,3,4
0,0,58,279,585,2328
1,29,505,5226,2931,7585
2,12,333,2815,5726,28225
3,3,30,113,2453,16674

1,0.0,0.0,0.0,0.0,48.769276
2,0.0,0.0,2.0952382,16.652683,89.2628
3,0.0,0.0,4.6666665,38.926174,96.40654
4,20.0,0.0,7.1428576,54.467285,98.41765
5,20.0,0.0,10.285714,64.555374,99.1826
6,40.0,0.0,14.761906,72.294464,99.55583
7,40.0,0.0,17.619047,77.60067,99.74399
8,40.0,0.0,20.952381,81.92114,99.84577
9,40.0,0.0,24.47619,85.57047,99.90746
10,40.0,0.0,30.285713,87.856544,99.95682
20,40.0,0.0,62.0,96.26678,99.98766
30,40.0,0.0,72.952385,98.11242,100.0
40,40.0,0.0,80.190475,98.993286,100.0
50,60.000004,0.0,85.333336,99.49664,100.0
60,60.000004,16.41791,87.42857,99.72735,100.0
70,60.000004,31.343285,89.71428,99.81124,100.0
80,60.000004,38.80597,90.66667,99.85319,100.0
100,60.000004,52.238804,92.571434,99.895134,100.0
200,80.0,76.11941,96.666664,100.0,100.0
300,80.0,80.597015,98.0,100.0,100.0
400,80.0,86.56716,98.57143,100.0,100.0
500,80.0,86.56716,98.952385,100.0,100.0
600,80.0,88.0597,99.2381,100.0,100.0
700,80.0,89.55224,99.2381,100.0,100.0
800,80.0,92.537315,99.333336,100.0,100.0
900,80.0,95.522385,99.42857,100.0,100.0
1000,80.0,97.01493,99.42857,100.0,100.0
2000,80.0,98.50746,99.90476,100.0,100.0
3000,80.0,100.0,100.0,100.0,100.0
4000,100.0,100.0,100.0,100.0,100.0
5000,100.0,100.0,100.0,100.0,100.0
6000,100.0,100.0,100.0,100.0,100.0
7000,100.0,100.0,100.0,100.0,100.0
8000,100.0,100.0,100.0,100.0,100.0
9000,100.0,100.0,100.0,100.0,100.0
10000,100.0,100.0,100.0,100.0,100.0
